8.30548 8.15891 
-3.79911 -4.12172 
-3.19366 7.08347 
1.94465 2.88125 
-1.623 -5.47907 
-8.94674 6.84901 
-2.26603 -9.08966 
-0.774726 -9.9976 
-0.193245 -0.848406 
7.49458 -5.13859 
2.50639 5.51024 
5.21334 -5.4785 
-2.40394 2.54261 
-1.09073 9.94317 
-3.37552 -1.04758 
-3.46039 -3.04391 
0.689989 -9.98992 
-6.8844 -9.5031 
-2.9372 8.2566 
5.07618 4.70981 
-2.42126 9.43186 
1.56999 -4.39582 
-1.9064 5.4717 
3.0574 7.53529 
2.77124 0.0626825 
5.2337 -1.77307 
3.56575 5.1468 
-0.677605 1.21231 
1.47271 0.644105 
2.93181 -6.62434 
-0.234024 -5.68226 
-0.797793 0.12099 
-0.213199 -4.98862 
2.75704 4.27593 
1.97632 -8.24001 
2.6977 3.55762 
0.809246 -1.98309 
-2.32848 -1.53977 
-5.30164 1.02686 
-1.7791 -4.81493 
-1.82375 9.44878 
2.8089 -0.384697 
1.94327 -5.8966 
-2.90511 3.09616 
-1.45499 6.74856 
-2.08169 1.52984 
-5.56411 7.03681 
0.687291 -3.5073 
-6.09885 -7.73838 
-5.89152 -9.94163 
0.343159 -0.399254 
4.05268 -1.99109 
5.18976 0.432364 
1.27479 3.85038 
-4.65677 0.37903 
8.65683 -0.504391 
-0.102064 4.57331 
1.79356 -9.6302 
2.60243 6.55901 
1.88791 6.07495 
2.15102 -6.3522 
-1.18914 -2.17475 
0.698352 6.68604 
-2.18569 0.945033 
-5.16355 6.40141 
-0.846882 -6.5887 
-1.48846 -9.72287 
-1.60003 0.493402 
2.69572 -8.44643 
2.48433 1.16608 
3.868 6.99936 
0.77928 -6.53686 
-0.11594 9.71222 
1.41954 -5.76951 
-1.53681 -2.30233 
2.69911 -3.1958 
0.972233 -1.20917 
-0.77226 2.53967 
2.98298 -4.73035 
1.12886 2.03858 
-1.29702 4.62176 
5.19222 9.7958 
0.899177 -2.10552 
-0.0922298 -9.82873 
-0.859151 -3.90921 
0.852137 3.14388 
-3.60584 -7.59467 
-3.8658 1.13571 
2.28349 -6.16615 
1.96987 1.66905 
0.592161 -3.53193 
3.29662 7.8732 
1.47948 -5.13857 
4.11316 7.88452 
-2.53434 3.2407 
-2.20003 -1.58277 
2.58868 -9.54591 
4.01486 -8.72397 
-0.853178 -7.70583 
-2.12594 1.11152 
2.21002 -6.6112 
0.0194456 3.04588 
-4.45942 5.8736 
-1.25414 -0.48307 
-2.61645 1.7756 
0.152354 2.3575 
1.44064 -5.04457 
-0.180313 9.67568 
2.87559 1.9107 
0.29577 -6.51351 
-0.367116 1.6176 
5.72706 6.04586 
-4.84995 -7.79682 
2.52357 8.21461 
5.02124 1.80477 
-3.35204 6.1332 
-3.10505 9.05017 
0.576138 5.2238 
-1.9456 6.32086 
1.88242 -1.98575 
-2.24898 1.36971 
1.67579 2.40249 
2.83722 -6.7877 
3.62408 4.0207 
6.15751 9.64673 
-1.10404 7.61009 
2.39671 2.55272 
3.20061 -0.197547 
7.60483 -2.26788 
1.73013 -2.4941 
-3.35835 -0.492815 
0.149076 -2.53954 
2.20791 -3.17939 
2.98759 2.75309 
-1.50442 6.82928 
2.97502 -7.97296 
-0.706078 2.33349 
1.53826 8.87656 
-5.21867 -9.24109 
4.73596 9.86747 
2.1645 0.499429 
-0.378977 -5.16602 
-6.28978 9.66129 
-4.49894 0.277307 
1.97228 1.07008 
-0.252728 6.6715 
2.15694 -8.99733 
3.40747 4.13954 
5.40906 -6.53953 
-2.26057 -0.426479 
0.00350089 7.63471 
-1.68028 3.38948 
-2.63196 -5.58206 
-2.62355 -4.74564 
9.00306 -3.84468 
4.87162 -8.94105 
-0.463019 7.01197 
-1.48965 -1.75943 
-2.75028 -5.66656 
-2.24337 -2.67481 
7.74742 -2.96926 
4.18261 -3.90659 
-2.56087 -0.853681 
2.323 -1.24657 
6.53787 1.28119 
4.24382 8.47582 
-2.48069 7.83513 
-1.14029 -8.44817 
0.63567 -6.13534 
-2.40213 -3.20639 
-4.54577 -1.71172 
-5.16772 3.4821 
-4.84335 3.43982 
-0.30459 -1.49904 
-1.68279 5.88892 
1.96194 2.05872 
-0.714493 -6.64432 
-3.39774 -7.40305 
-0.284037 0.49775 
-4.4913 -5.07771 
-4.40341 9.30246 
-1.67334 -7.02364 
-4.72874 4.89217 
1.06033 7.91411 
0.967431 9.22533 
0.030404 9.15638 
-0.506789 -3.25934 
0.955814 3.74496 
-0.269891 -9.21731 
2.15996 5.23675 
-0.264916 -9.21276 
5.49831 8.00793 
-1.16733 2.52987 
-1.29667 -9.31904 
-2.81401 9.62529 
-1.76457 -2.31703 
0.137089 8.0778 
-4.15222 -1.25593 
-0.413469 0.806737 
-5.03324 -9.25135 
-3.24337 -2.8356 
-2.63281 -1.2221 
0.325646 0.401246 
1.07688 7.64249 
-1.54743 5.15336 
4.10121 7.99253 
-0.731565 1.67235 
4.52134 5.83073 
0.520696 9.68893 
-0.805354 -4.63481 
4.91552 -4.4074 
0.942232 -0.330309 
-2.02424 -2.98192 
6.35118 9.05903 
2.9976 -2.45228 
-0.349438 -9.35313 
-1.98375 -4.06884 
-5.38058 -2.40533 
3.27736 -2.74543 
5.10253 -0.227871 
-2.60971 -7.00279 
1.70652 6.56911 
5.86577 6.20282 
-0.289779 -8.25097 
-0.2447 -3.7239 
-4.53562 8.44999 
1.26841 9.773 
-3.48167 -9.34085 
-4.50297 -0.613454 
-1.43465 -1.58893 
-3.65476 3.18767 
2.30211 3.23813 
-3.43344 -7.77187 
3.27238 8.36554 
1.60351 3.23289 
-0.134266 -0.74836 
2.615 7.54469 
-1.27386 -3.24126 
6.31144 6.70264 
1.09333 -4.122 
0.543987 9.59328 
0.874363 -9.62498 
0.32337 9.08785 
3.16729 8.37198 
-6.17799 3.49942 
3.5106 9.3179 
1.91296 -9.99727 
-1.18609 2.32766 
-4.73902 9.866 
6.33782 6.33613 
-3.02151 -1.37134 
-5.59132 -6.01775 
-6.5049 2.26295 
-1.14789 8.5108 
4.55058 8.53553 
-1.0826 5.04905 
-5.5346 5.09006 
4.63678 3.28488 
0.950227 -5.73879 
-3.88088 -5.8783 
0.785772 6.23112 
0.431434 -2.5554 
2.79032 -6.03466 
-3.5648 -0.246901 
2.35274 -2.93186 
-0.686337 -8.62324 
-3.35564 -0.881564 
1.35733 6.72992 
-6.4558 -0.59094 
0.45642 -8.37704 
0.960435 2.41545 
-1.13778 -0.222627 
0.134748 9.3281 
1.52092 -3.33295 
-1.99744 -3.53925 
-8.91187 6.4363 
-1.09722 -6.5294 
-3.94196 -7.36672 
5.86895 -2.22655 
-1.25524 -4.94924 
3.82104 -9.20284 
0.915895 9.90424 
7.84682 -4.97019 
1.1617 6.68436 
6.92995 3.5336 
-1.19758 2.50815 
2.49966 5.79397 
-4.03937 -2.89355 
1.96078 -0.217174 
-0.199213 -4.82086 
-1.95912 -2.10199 
-2.94439 -9.14343 
0.0258866 6.94749 
1.39147 -2.31058 
1.25794 -5.54659 
-0.322446 1.1266 
-1.75111 -6.03361 
6.47379 3.29623 
1.56253 -3.18984 
-2.75335 -2.77373 
-5.23631 -0.0257527 
-3.01326 -2.14862 
-2.13421 -8.65364 
5.65723 -2.78834 
1.3724 3.27319 
-1.47946 -2.71355 
3.87458 -4.37872 
9.54903 -7.70034 
5.22442 -3.82328 
0.342741 0.370515 
2.6486 1.57268 
0.941894 9.83271 
-1.7353 -7.50949 
-0.4049 -7.5952 
0.276812 -8.06891 
1.38562 -8.54255 
-1.64484 0.359789 
-7.759 1.38183 
-3.65235 -6.12938 
-2.83903 -6.74948 
-2.76145 -4.88241 
1.70654 5.27905 
4.4067 -5.30286 
1.1181 9.13798 
-3.68095 0.372314 
-0.333336 6.99418 
-3.37093 -2.59487 
2.94433 -5.70918 
1.53336 -7.84853 
-2.1462 3.70521 
0.587463 3.35588 
-2.1224 -5.85121 
0.872216 8.22713 
2.03261 -4.02381 
-0.81223 2.0592 
0.538676 -7.65444 
2.28432 -2.7955 
5.66101 4.69186 
4.27244 -8.94456 
2.44118 -8.06078 
1.18359 3.64626 
-2.77613 -7.8582 
1.26158 -3.37631 
3.40217 -9.30943 
0.50799 -3.61152 
1.56102 1.23248 
-1.88935 1.78598 
-2.52401 6.65737 
-5.57163 -3.23265 
1.92608 -8.27228 
-0.792363 -6.22776 
0.584109 2.46426 
-4.15219 4.85399 
1.7958 4.65235 
-3.45291 -8.80201 
-0.503216 9.97745 
1.23171 -2.11239 
2.41191 9.83835 
6.91898 7.28532 
1.52545 -4.05457 
2.69173 -1.73339 
-1.8698 3.00585 
0.63272 9.9662 
-3.84169 -7.14731 
0.107023 7.05209 
-0.00609232 -1.62121 
-1.23644 -8.03486 
-3.41679 -3.13528 
-6.15749 9.43603 
2.6505 1.86722 
3.55501 -1.81943 
2.66944 7.71916 
-0.252224 6.59298 
2.63321 -5.66498 
5.0321 3.89666 
-4.03003 4.7519 
1.71533 0.531725 
0.278442 7.0906 
5.52504 -6.79103 
-2.67536 -9.88433 
4.79962 7.85176 
-0.920973 -3.72522 
-1.67697 -9.54707 
1.67814 -0.557931 
-5.68681 5.09012 
-5.43842 2.93688 
-1.63207 -8.54472 
-2.19157 -3.43142 
-1.61446 -2.68371 
0.361078 -4.35542 
3.37401 -0.105431 
1.83175 -2.93464 
1.95859 2.33552 
2.53752 6.98042 
-2.01181 -5.45882 
-1.25797 -9.8229 
0.959808 0.341287 
4.36727 -0.0589176 
-4.30154 0.0399048 
1.44007 0.747397 
1.60624 6.1615 
-3.55606 9.93485 
2.30858 -7.90912 
5.39798 7.7668 
-5.34188 8.14167 
-0.0889725 -6.34606 
-0.771605 5.13717 
1.39631 8.72014 
2.88713 2.33875 
0.583663 -7.46773 
2.07025 -4.17212 
0.506687 6.4197 
-1.56536 7.95733 
1.89933 6.52845 
-1.24868 -1.0209 
2.82119 -5.17926 
2.01379 1.59122 
1.41266 -8.93668 
0.183722 2.62699 
4.10098 -0.819054 
3.21556 -7.53893 
4.68096 5.84848 
2.21495 5.36996 
-3.22691 9.06879 
0.447285 4.75275 
0.781781 0.890577 
-0.357528 1.35361 
5.45792 -7.02266 
2.92889 -0.650795 
-0.542684 -6.3555 
0.35312 -9.12738 
4.28187 -1.56848 
0.911477 3.67386 
0.407436 7.08571 
1.30952 -5.43895 
-1.74082 3.80193 
2.92198 -7.59248 
2.74615 6.95265 
0.876237 -1.18831 
3.07245 -5.15693 
0.0173918 2.05682 
0.432053 -3.17035 
2.24114 -1.17816 
-0.714725 -9.59206 
4.49098 0.164453 
-2.8753 0.729353 
-3.62757 -4.1605 
1.97773 -6.76402 
-1.79317 6.65408 
4.41932 -0.175463 
-6.08616 9.96576 
-6.11545 -2.61036 
-2.24404 9.4369 
-0.00445562 4.13225 
-3.64757 0.545583 
2.02377 9.88625 
-0.0673841 -0.570968 
0.391363 7.87457 
0.142762 0.207408 
-5.91799 -1.52536 
1.50855 1.57401 
-3.75642 -8.3973 
-3.42015 9.49067 
-0.683823 8.13426 
1.70215 2.38785 
0.401051 -0.182875 
-1.32754 6.51581 
-3.78223 -9.57522 
0.588124 1.13314 
0.341204 -8.41314 
0.879356 6.70689 
1.49221 5.7121 
-0.315994 -0.70654 
-0.501274 -2.96086 
0.549152 -2.89305 
-4.76231 -1.46733 
1.07041 6.04654 
0.420362 -5.75746 
3.83489 1.64079 
-0.894613 -7.48035 
-6.09679 6.33396 
-3.80964 -2.44895 
-5.08436 6.54961 
-3.04173 7.15648 
0.172094 3.29847 
-2.63025 -3.89297 
-2.70852 -4.26654 
3.92816 -1.5258 
1.36347 0.129322 
-3.94367 -0.650895 
2.88048 8.47168 
0.1725 -2.20472 
4.28007 -2.04201 
6.19843 9.02636 
-0.771148 0.600448 
5.11675 2.09577 
1.9724 -1.27054 
3.94135 8.92723 
-0.652803 1.53834 
3.76067 6.20909 
-2.2167 6.88746 
-3.46595 0.616618 
0.385892 0.418229 
0.679486 -9.95274 
1.0878 -3.57782 
3.25288 -5.61582 
0.228013 -7.53777 
-2.71079 -9.24211 
-4.92567 -4.47301 
2.20615 2.3979 
-0.876305 -3.73313 
6.77466 -3.90044 
1.61545 9.56525 
0.915892 5.2133 
-0.497395 -1.6525 
-2.98459 -4.60632 
1.65981 -0.585035 
-1.04126 1.40813 
3.34648 4.35939 
-6.39537 -4.85422 
-4.11673 -9.10057 
4.06902 5.28971 
-2.88893 2.70944 
0.740713 -6.03322 
-3.4356 1.03848 
1.43485 6.67916 
3.15479 0.790028 
-1.82944 9.6734 
-3.18696 9.39136 
-3.09666 -3.7792 
-0.0855267 7.05816 
-2.18749 6.7684 
-3.41713 -1.17486 
-4.57305 7.6036 
-1.17382 -6.88217 
-2.52733 -4.67341 
-0.151418 -5.13709 
3.11121 -9.4419 
-1.64644 -1.4046 
0.208199 -8.48351 
1.62551 7.76422 
-1.82796 0.0310854 
1.84364 5.89031 
5.89771 -4.29908 
2.06584 -2.12752 
-0.051669 -8.58802 
0.65535 -6.22733 
-1.89211 -3.45704 
1.49976 9.88019 
6.66253 2.77537 
3.09557 -6.94674 
1.60281 -8.92088 
-2.44973 -6.39554 
-0.331703 -1.025 
-2.90115 0.626974 
5.27952 -1.41326 
-0.000780869 1.37881 
-2.74125 8.12701 
5.38331 -6.01879 
1.01883 -6.25199 
5.19782 2.92042 
-8.74612 -7.0271 
0.345877 -0.354436 
-3.01712 -4.49644 
-3.42296 6.35652 
0.0793365 -3.39132 
1.95325 8.53554 
4.77186 9.22345 
0.501878 7.38993 
-0.0631555 0.212442 
0.859199 -8.90567 
-0.964749 4.10505 
0.0605694 6.36361 
2.40824 -7.122 
1.07538 -2.6242 
3.9566 1.11146 
4.53729 1.24288 
5.69239 -1.43552 
-3.29856 -6.61941 
3.8404 -8.33789 
-3.49781 6.54505 
2.49733 6.07281 
-1.13155 8.95448 
-1.3019 3.90302 
-3.13469 -9.95234 
-1.70925 -3.74734 
-0.578992 -6.88035 
7.6469 3.5817 
-1.4977 9.71384 
1.0655 9.27061 
2.24006 1.06591 
-1.2512 -7.94081 
1.66254 6.97751 
4.79385 -0.0828195 
3.10203 -6.25929 
-1.46823 -7.03038 
-0.902082 3.30606 
-2.5472 -8.70521 
-0.0304285 -9.65056 
1.84135 -7.44811 
-3.67194 -8.788 
-3.50845 -1.8176 
0.0367035 6.06089 
-1.20997 -8.39084 
3.66095 -3.09637 
-0.947649 -5.65967 
4.10336 -5.60904 
-4.26146 -4.04799 
1.17157 6.29479 
0.208109 -9.46491 
2.93078 6.77606 
-1.04406 -6.60498 
8.26351 8.78571 
-1.37186 -8.25009 
3.33284 -2.16555 
1.19885 -2.46011 
2.38061 2.72539 
-3.03024 2.03881 
4.25634 2.58309 
0.79771 0.483341 
-3.77347 8.85085 
-1.33738 9.50764 
-0.665763 -1.62311 
-0.840192 5.96431 
-2.35295 -8.76982 
-2.25031 -7.70793 
3.49939 6.66055 
-2.03605 4.70015 
-3.54879 0.285668 
-0.37382 2.42684 
2.24713 3.63656 
3.18844 3.64558 
0.955251 9.80221 
2.44782 8.4749 
2.15271 4.66225 
2.67623 -3.22957 
2.67584 6.24592 
-2.44604 8.42985 
-2.33144 7.31271 
-2.52923 -6.42064 
1.62312 6.62237 
-2.2004 0.92187 
-0.335951 0.737907 
0.463427 0.804932 
-0.0288162 1.67292 
-0.504513 -2.56464 
-1.6713 -2.55712 
0.631248 -0.933596 
-4.04291 9.17229 
-1.88976 8.16545 
6.76871 -8.16418 
-3.83207 5.44552 
1.88314 0.666607 
1.00457 -1.09177 
1.3071 -9.21031 
1.51138 -6.49806 
1.40066 -4.62211 
5.11943 7.6 
3.25913 -3.37002 
3.95753 -6.75042 
-2.81299 -4.69615 
-1.97184 -3.13742 
2.87723 -5.93011 
-4.71619 2.39161 
-3.4012 -0.786849 
