-0.354376
0.0478575
-1.03858
-0.25462
0.273214
-1.40532
2.69006
-1.03465
1.0514
0.500971
0.809406
1.49577
0.353925
-1.14825
-1.08967
-0.0852951
0.562654
-0.366586
1.62021
-1.13093
-0.807907
2.48262
0.471017
-0.214117
-1.75408
0.60108
-0.899702
0.407553
0.0420133
1.7082
0.494249
-0.519842
-0.0404956
-0.527347
2.07617
0.412748
0.722221
1.02462
0.0839123
0.910093
-1.76397
1.44739
0.318782
1.57027
0.0448379
-0.386467
-0.299276
-1.61766
0.0432043
-0.967756
0.445248
0.463166
-0.565981
-0.792963
-1.31735
2.31171
1.78514
-0.545597
0.776266
-1.05777
0.879465
1.05619
1.71246
-0.464882
-1.18767
0.0365196
0.54725
1.72918
-0.877451
-0.65673
0.351949
-0.540123
-0.5012
-0.432304
0.0842823
-0.0320288
0.0139432
-0.594381
0.641969
-1.15454
-0.0892215
-0.761937
0.043616
-0.768856
-0.570659
-0.897778
0.707274
0.742036
1.3644
1.60973
0.194825
-0.502291
2.28248
-1.20626
0.423482
-1.13591
0.0169027
0.141904
0.896229
0.139123
0.00359623
-0.166885
-0.96717
-0.284181
0.25998
-0.171118
0.465935
-0.227189
0.65493
1.26612
0.677264
-1.29207
-0.879738
-0.428326
0.154357
-0.126855
-1.39774
0.597459
1.10065
-0.403362
-0.854919
-1.46475
0.317566
-0.831958
0.345966
0.0638938
-0.700155
-0.0153416
0.0508509
0.642854
0.855045
0.814214
-0.339883
-2.05339
0.554669
0.216705
0.823419
2.09588
0.934645
1.20359
0.440085
1.54982
-0.384862
-1.02733
0.0411351
-0.124748
-1.90609
-0.622491
0.0155726
0.314122
-0.344749
-0.352314
2.00685
-0.959973
0.282317
1.77921
-1.97132
1.60413
0.705434
1.75249
0.298819
0.0994764
0.838614
0.240659
0.916071
0.697211
0.194417
-0.144371
-0.0538942
1.36299
-1.41158
-0.373077
-1.07924
-1.61761
-0.567816
1.45007
0.58771
0.332568
-1.57593
-0.767741
0.817656
-0.8813
0.228701
0.29339
-0.0356452
-0.0978387
1.0422
-0.0285471
-0.682743
-0.0170925
-0.561507
-0.157378
-1.02453
-0.788968
0.0143461
-3.35059
-0.619787
0.462502
1.79326
-0.107835
-0.724229
0.79267
0.176713
0.0704249
0.887286
-1.76405
0.168976
0.802026
0.35333
-1.04185
-0.137854
0.589134
0.112605
-1.18375
-0.988362
-1.43684
0.935599
0.695907
-0.374001
0.515295
0.297082
-1.09394
-0.0154081
-1.01719
-0.276244
-0.712233
0.720117
2.14191
-0.515652
0.597063
1.72093
1.04207
0.77163
-1.52447
-1.11227
0.313571
1.22253
-1.49871
0.192561
2.03365
1.04736
1.69839
0.471832
0.565682
-0.10627
-0.618561
0.379135
-0.1143
-0.9998
0.128396
-0.793253
-0.461574
1.09037
0.160944
0.491016
0.755194
2.51969
0.203909
0.440156
0.460375
-0.881411
-1.1712
0.139282
0.485788
0.670075
-0.52302
0.000397976
-0.852413
0.983999
-0.826378
1.13954
0.345243
-0.847884
-1.35051
0.359243
0.430323
-1.4862
-1.88188
-0.287837
-1.51951
-0.0301356
0.224008
-0.333395
0.315314
1.59912
-0.0685923
0.771445
0.303106
-0.376279
0.197928
0.27597
-1.17403
0.906838
-0.70443
0.536717
-0.593637
1.63567
-1.32215
0.73459
-0.626203
1.94039
1.10449
-0.77337
-1.13774
0.825615
-1.38585
-0.208181
1.78684
-0.827915
-1.06609
-1.69203
1.01403
-1.03217
1.10907
0.567372
-0.0337855
-0.408611
0.382766
-0.334117
1.10049
0.355282
-3.05655
-0.64188
-0.439708
-1.35466
1.09086
2.66548
-0.805531
-0.00113937
-0.410316
1.32336
-0.55353
-0.565214
2.04177
0.612949
0.320576
-0.224865
-1.95189
2.73564
-0.942598
1.3167
-0.524707
-0.736935
0.871859
-1.40006
1.76879
-0.960166
-0.729741
0.247377
1.0196
-0.0937579
1.04073
0.228673
0.640812
-0.405767
-0.279515
1.0584
-0.0478581
1.12996
-0.665169
-0.205673
-0.290659
2.15187
0.987459
-0.120088
1.29705
0.423984
-0.576703
1.10824
0.308555
-0.215341
-0.0884963
-0.606822
-2.06761
-0.0180683
-2.73567
0.403554
-0.556155
0.646977
-0.740834
-0.146665
-0.357164
-0.0803374
-1.66705
-0.682929
0.771003
-1.74409
0.376607
-1.82954
0.872775
1.59234
-2.15069
0.236684
-0.123695
2.1032
-0.623383
-0.528562
0.794008
0.200174
0.889096
-0.0956754
1.87068
1.34065
0.123788
-1.05485
-0.65838
0.154758
0.87001
1.52027
2.02554
0.280542
0.354116
0.17005
-1.08848
1.54715
0.449265
1.36317
0.711699
0.892422
1.59945
1.41431
0.201137
0.383543
-1.31237
-1.50473
0.13803
-0.771889
-0.550208
0.128167
-0.313663
-2.07935
-0.653754
-0.131989
-1.24229
-1.65413
-0.12715
0.388365
-1.54766
0.00484437
-0.101016
0.676674
0.0478323
-0.200949
-1.21834
0.846107
-0.93238
0.747426
-1.60236
0.586451
0.198019
0.8455
-0.947545
-0.402186
0.268897
-0.467469
0.957991
0.448671
-0.594997
-0.0612716
-0.873408
0.0976218
-2.20208
1.9093
0.464715
-1.15307
-1.41076
0.26902
1.03707
-0.12785
-1.18394
1.02285
-2.40778
-0.161094
-0.75104
-0.38558
-0.203495
0.880319
-0.247698
0.40747
0.345907
-1.0838
-1.37572
0.749849
0.99786
-0.639959
-2.25695
0.828372
0.151877
-0.949743
-0.183823
0.565138
-0.310804
-0.759574
-1.4854
2.38478
0.0534855
-0.21681
-1.28801
-0.797453
-0.0127606
-1.53492
2.43832
-0.670027
-0.854943
-1.86926
0.133993
0.355128
0.939695
-0.494522
0.357106
1.08055
1.12573
-0.426855
1.27004
0.29075
-0.152399
-2.75387
-0.800203
-0.848012
0.116416
-0.0605776
1.02015
-1.40612
-0.351239
-0.38068
-1.03533
-0.800994
1.21779
0.663235
1.10135
0.197279
-1.4187
-1.06079
-0.119662
0.113984
-0.292454
-0.724237
1.57094
0.620587
0.620446
-0.592508
0.256419
-0.227726
1.21292
0.0228166
0.998427
-3.17676
0.865843
-0.147373
-0.903858
1.26519
-0.397058
1.1429
-0.668221
1.59855
-1.62053
1.8127
0.362792
-2.01966
-0.0728257
1.02103
0.157127
-0.112889
0.397834
0.640197
-0.192034
1.23321
0.0454961
-0.123888
-1.04252
-0.379882
-0.760651
-0.32435
0.48522
-0.297639
1.06321
-0.422421
-0.943349
-0.277315
1.1528
-0.352096
0.507634
0.15386
0.526083
-0.995377
-0.971993
-1.04011
0.813712
0.846071
0.237933
0.131459
1.80717
0.657919
-0.190542
-2.10505
-0.14627
1.51672
-0.0337256
0.825077
-1.40956
-2.79579
-0.107293
-1.58261
-0.140261
-0.00239007
0.464625
0.617637
-0.0703981
0.396183
-0.54352
0.697265
0.619018
0.956685
1.32815
1.08825
1.00051
-0.604545
-0.760936
1.89923
2.1853
0.905737
0.308484
-0.121918
-0.132276
0.174332
1.55424
1.24619
0.804914
-1.67337
0.56679
1.38145
0.996304
0.759176
1.66031
-2.5657
-0.465151
-0.978176
0.901216
1.3151
0.322035
0.872404
1.17684
-0.839937
-0.573352
1.42652
0.573431
0.148518
1.01932
-1.89472
-0.214808
-0.451625
-0.154666
-2.08208
0.0501309
1.11118
-0.00523315
-0.212539
0.283368
0.756963
-0.318931
-1.62291
0.784571
0.393905
0.0202985
0.0379533
-0.553137
0.585995
0.872185
0.127353
0.902395
-2.27212
-0.891287
-0.695465
1.09289
-0.408094
-1.59909
1.59894
1.00305
-0.963864
1.25179
-0.527667
-1.08167
0.39905
0.678077
-0.0951827
0.143264
-1.53602
-0.65235
0.482223
-0.995114
-0.231723
0.631478
1.12958
0.999099
1.92107
0.948558
1.29063
-0.642641
1.1599
0.092431
-0.706456
0.828313
-0.825356
-2.20573
1.1749
0.619208
0.318211
-0.682406
0.364231
-0.763873
-0.100261
-0.921103
-0.576676
-0.0635161
-0.0876518
0.382161
-1.70063
-1.10476
2.24307
-0.251459
1.00739
-1.3785
-0.480759
-0.278327
-0.311962
-0.492163
0.886897
-0.333847
0.388579
0.772164
0.854679
0.871311
-0.548796
0.250288
0.00649845
0.158999
0.725289
0.137088
1.48692
0.508256
-1.17051
-0.539753
-0.471829
-0.427091
-0.684956
0.385201
-0.146457
0.6372
-0.939496
0.0377677
-0.313053
1.93903
1.2216
1.24661
0.820081
0.32085
1.76123
-0.760741
-0.597105
-0.909793
-0.0814784
0.0422311
1.72262
0.343297
1.05602
-1.81663
-1.24736
-0.1442
0.86332
-0.225913
-0.747883
0.997517
-0.623925
1.41249
-0.95512
-0.749968
0.318196
-1.4995
0.0912548
2.62441
0.495217
1.21286
-0.743507
0.945376
-0.714432
-1.36825
1.4008
0.278969
-0.195002
0.864073
0.510756
-1.47112
1.13525
-0.273728
-1.30403
-0.401642
-0.134011
0.300535
0.38184
1.81632
1.31071
0.23011
-0.0420771
-0.45095
1.14318
-1.29495
0.0726163
0.792339
0.878669
-0.116518
-1.52297
0.601347
-0.252177
1.22865
-0.22148
0.68333
2.86866
-0.361361
-1.07734
-0.648459
1.57821
0.214218
-2.79784
-0.50064
0.0113827
0.0549982
-1.6941
0.294841
-1.82672
-0.276291
-0.993082
-1.47019
-0.015064
-1.94277
0.0896581
0.156278
-0.79756
0.93432
0.0456507
-1.22096
0.257307
-0.601522
0.47568
0.731985
-1.06117
-0.371222
0.141489
0.517175
0.477683
0.114925
-1.90535
0.463864
-1.08558
0.916128
-0.567575
1.49572
0.671976
-1.21174
-0.327912
0.554667
0.950242
0.327327
-0.876366
-1.44759
-1.36771
0.149049
0.42373
-0.530222
-0.748038
0.410105
0.26336
2.82949
-0.207019
0.474845
-1.08044
-0.703722
0.0784911
-1.06685
-0.294999
-0.760475
-0.401896
-0.417845
0.68144
-0.701271
-0.45829
1.09346
1.57476
0.548437
-1.28223
0.126492
-0.535359
-1.4423
-0.0522303
-0.0111177
-0.126911
0.330718
-1.27192
-1.29896
1.15205
-0.529095
1.46208
1.00724
-1.64068
1.704
-0.89288
1.02402
0.45035
0.896573
-1.14169
-0.399519
0.750569
1.05453
1.62438
-0.0442589
-0.710676
-0.179726
-0.722609
-0.999336
0.653123
-0.584922
0.207321
-0.131432
0.975524
1.55268
0.6046
-0.13932
-1.22718
-1.71717
-0.299902
0.0916057
0.886889
0.0768057
1.50938
-0.0441945
-0.806635
0.206668
-1.42623
-0.593027
0.0821814
-1.22257
1.12237
-1.542
-0.0883355
1.09082
0.0898026
1.0711
0.178113
-0.241235
-0.148636
1.27538
0.0283216
0.0595785
0.541582
0.371823
1.01592
0.922406
-0.888574
-0.443277
-0.168692
-2.31153
1.35908
-0.62833
0.130219
0.483845
-1.12572
0.864817
0.0950081
-0.0844752
1.00778
-0.170368
-0.0673573
0.407277
0.506519
2.89857
-1.16203
0.468388
-0.0195735
-1.41158
-1.38796
0.0204149
1.23748
0.282473
0.0439232
-0.713898
0.310243
0.25425
-0.404284
-0.974448
0.242461
1.27102
-0.895326
-1.84277
0.884004
0.142691
-0.562445
-0.400392
-0.301168
-0.260245
1.48659
1.58754
