5.07883
0.99559
8.08358
13.0818
-16.3369
-3.47934
15.4283
-8.05764
5.57013
9.88607
-16.3354
2.93745
-7.73397
5.50966
-0.0749383
7.37166
5.76181
18.6508
2.41308
-4.92706
-4.28233
2.6153
14.2747
8.5768
-2.19257
0.859653
3.00179
5.37026
-3.80461
10.9277
1.87692
5.53913
31.5812
-2.0423
8.68137
-2.85793
9.20682
-6.99471
-0.454638
1.4111
-11.4532
8.20586
-1.64216
-24.6347
-0.361886
-2.04605
25.1422
9.40103
3.1017
9.12164
3.01064
6.37502
3.97915
4.56671
-9.25702
17.4012
7.65243
3.80601
12.5585
-2.00274
-27.2597
12.5749
-24.7324
-4.21026
-13.8859
9.14973
12.7708
0.600064
3.35177
-3.65249
-6.25119
16.0672
-4.92323
3.41202
-1.25184
-2.52946
5.41037
-21.2057
12.4122
-2.0733
-2.51572
-5.33058
-4.14876
-11.127
-18.3669
8.45907
-0.255583
16.0729
-5.38767
-4.60041
5.91307
-10.1973
-6.52683
-6.79897
-10.3628
2.67236
-1.26694
0.44641
21.96
-3.0157
-4.00104
-4.30561
7.10746
4.98032
4.05267
-0.200856
5.10098
5.05856
2.22128
4.94196
0.00775966
13.7327
7.22628
10.1806
4.9302
-7.02585
2.65973
5.97951
-18.2024
5.33502
5.50528
6.78647
2.43002
-0.642035
-26.2386
15.0235
13.7967
-4.84943
12.9452
11.427
-5.03216
6.39406
8.55861
0.0289445
1.7841
-11.1347
12.4167
-7.30045
5.41608
-8.75306
-17.9676
4.25886
-3.88763
-3.60639
2.94642
2.7961
-4.4805
-6.27647
4.70637
-6.35122
8.832
-18.9406
4.84392
0.814833
14.6697
-4.62373
7.28292
9.90773
7.2682
-6.7055
-9.61026
-13.7713
-3.33359
10.1277
14.7831
6.95771
4.30519
5.12706
-13.6425
-5.06757
10.416
-18.3203
-18.8856
5.57453
3.12406
5.1613
-4.71901
4.0263
11.0872
-10.1193
-7.34731
1.94268
-19.6303
0.961815
7.07677
-9.79824
-5.15083
12.2128
4.5746
9.38074
-0.982449
10.9424
-19.5234
9.27093
-16.3504
8.53957
15.8729
6.66252
-5.93751
-31.0712
-7.56297
3.14431
15.8863
-2.33475
11.3066
-8.41062
-2.74991
7.3353
-5.09149
-11.3709
-1.40752
20.2062
8.22913
-1.88663
0.267499
-11.3597
-3.91115
12.8727
-8.42305
-1.29596
6.36182
-1.39401
8.17411
18.3153
-9.07015
6.20201
1.08346
19.7912
0.773237
-19.6365
-3.45296
3.70758
12.3907
13.5725
-11.6854
-8.58585
-4.08685
-9.17632
-17.5328
-27.4674
2.35106
-2.72593
9.47157
3.21695
11.811
3.25878
0.706177
-11.2194
-17.9162
-0.795387
-9.26018
1.80442
-19.2117
-8.29293
-3.80531
5.07722
-3.37387
10.794
-0.686701
2.04167
-10.7719
-1.31817
-10.9228
15.5422
-9.6851
10.824
-9.20593
13.4571
14.7893
10.3377
4.93851
19.4935
13.1802
-0.537347
9.21672
-7.40872
18.1822
9.32653
7.66157
0.691893
-10.2624
-9.52571
14.6216
-0.338284
-5.02052
-9.02525
-3.29124
-14.5063
8.30314
0.325512
6.83345
-15.9615
8.35069
3.30812
6.71217
11.9087
4.13452
-4.82691
-11.7512
12.8143
7.4183
-3.66008
14.5933
-7.7301
4.02233
1.4959
-7.74131
9.13095
5.71967
-1.49542
22.6247
-10.2588
11.1453
-0.468519
-9.04286
-18.9213
-12.2021
1.54235
-11.8902
11.275
-3.68879
8.04305
10.1069
11.4287
-8.0492
-10.5778
-3.4593
1.3283
15.4674
3.37997
11.8089
-0.739565
-25.4125
-24.9346
11.1152
8.04425
-0.778415
0.740581
-8.08572
9.87465
1.03212
-3.30256
-0.830353
2.37195
5.83356
-6.90503
-11.804
9.51334
9.41607
-12.1639
11.1453
-5.60391
4.95492
3.50325
-6.18232
8.56554
7.48375
7.54217
-1.09111
0.333553
6.70593
4.57667
-5.24421
-12.6579
-21.1898
4.51339
-5.34474
-4.99681
-1.91585
17.2134
-11.2071
-15.7167
-16.21
-15.1942
-1.72353
3.59177
-10.5951
-21.4234
21.5972
1.10443
13.3877
-13.5638
7.12215
1.4244
-9.09853
-8.59348
-16.5243
5.10775
-9.51051
0.668147
-17.3546
-11.1835
14.7788
5.12034
-8.79337
4.14071
6.78911
-7.54851
-9.82344
-9.62254
-16.6113
-13.2918
-13.4678
24.7014
-0.568742
22.1275
5.69111
-20.1782
0.25169
9.48913
16.8536
-7.03367
1.72432
16.7829
17.0203
1.54696
-7.18897
-0.193379
-17.9935
11.7464
-2.90831
9.59247
-2.02391
-8.25003
-1.56735
17.3286
-0.408481
11.167
19.4338
-2.58265
-8.78199
10.0174
13.5133
-10.8335
-8.17916
-17.5314
-5.35929
14.9229
-13.1054
12.0141
-8.82326
-5.7368
-4.48936
3.64937
-0.171455
-1.13674
-7.85494
4.26821
-4.59955
3.81121
-4.37597
7.46315
-5.75702
-5.65547
-18.9158
-3.50967
-16.1868
7.6838
-4.10317
-0.319462
-4.34796
14.8995
1.81915
-1.62385
15.3579
-15.5869
11.2484
14.604
2.05151
10.6977
-9.07768
1.59563
3.03005
1.03593
-18.5618
3.65481
5.423
-5.14392
-0.934694
-5.57311
6.89106
4.04701
8.88581
-19.4977
-16.3441
3.31039
9.09734
-11.659
-9.45225
2.716
-11.9012
4.23294
2.17377
13.1274
10.0264
-4.38796
4.08712
-14.4773
18.8105
4.39847
-4.63105
1.35557
7.88858
-0.98008
-1.31542
-4.29711
-5.17642
-13.3088
-15.9949
-4.23351
-8.47161
-8.12544
-7.93994
-11.3213
1.46043
10.6572
-7.96948
7.34205
6.08005
-3.10249
-14.1976
-8.71989
0.666163
-9.46126
-31.6065
-14.28
-10.7801
1.93764
1.09751
-2.08578
2.44749
6.09434
1.24133
0.444343
-5.72328
-14.0003
-3.41027
1.30095
-5.19592
-5.10191
-11.8769
8.11009
-5.67006
6.06062
-6.49796
-5.74742
-2.26332
11.3496
15.3757
-10.9856
-3.86047
4.99873
7.61408
-10.988
-1.08775
2.34736
-0.596035
10.5263
-5.80804
-10.3119
14.3736
3.38102
-4.14537
4.48965
10.1988
-0.353152
10.2804
-8.6333
-6.22336
2.15376
3.26445
17.7393
14.0271
10.5455
6.3812
2.76716
-18.0021
3.83225
10.2476
2.95585
1.30291
14.7855
-4.9263
6.74708
1.29514
19.6199
-3.79633
-4.40079
-14.628
6.06385
-5.25292
-4.41305
-7.81858
-25.978
-9.51049
-16.3265
-11.8371
4.84072
-17.1554
13.6176
-10.4536
-8.22251
10.6696
10.9125
-4.77832
-11.1349
-3.47704
1.37967
-14.0906
-10.2661
-0.33501
15.9172
-10.5627
-9.85188
4.76006
-8.01351
-0.217036
1.54924
-8.36199
5.99459
-1.33091
15.2025
8.06686
10.7547
15.1886
11.9185
1.18499
2.8199
0.538229
7.13111
16.942
-3.84344
6.12495
-1.35259
-8.16215
5.80326
2.81227
-3.9959
4.89337
-1.88432
-0.245758
-9.50697
4.43379
12.5545
15.4513
-11.9572
-4.82951
-0.127833
6.81681
-4.34164
3.3068
16.8726
-5.3302
-0.843212
6.85531
16.693
-6.88489
-1.37976
-6.12464
12.7066
-7.42944
-15.4326
12.1928
-0.958795
-29.7016
4.62708
-10.8576
4.09328
-7.63997
-2.03584
13.0488
0.979444
-0.335085
4.27244
8.85703
-2.05197
12.6055
-10.2252
4.82454
4.59495
10.5935
7.73976
5.23256
2.91825
-0.658958
-0.529211
7.64596
-5.18701
-4.32624
9.99314
-7.75712
8.59725
-6.62516
2.40289
-11.3917
-8.01205
8.51049
-4.85696
18.1244
-1.90718
2.8411
14.9954
-0.904067
5.67828
-18.3783
8.56451
-5.70764
-3.70463
-3.98416
-4.82029
-5.63217
15.6248
-4.391
1.51997
-18.8691
7.33268
-1.72891
-15.565
-12.8902
-7.90995
10.829
-0.376497
10.6752
-4.87088
3.20357
7.97357
-3.60476
12.254
10.8465
-10.4341
12.1395
-4.38847
-15.5497
6.63438
4.83641
12.8929
-5.57732
11.1311
4.17416
-4.83177
16.3664
-6.59117
-0.768526
12.4631
-9.27269
3.56477
-12.1302
7.0358
-10.2096
6.75616
0.171367
5.27041
-14.3714
17.3108
-10.9593
-0.309362
15.9007
10.2303
1.24946
1.18657
8.61344
-16.1887
-26.1851
-16.0086
19.0946
11.6595
8.78565
14.1127
-4.1751
6.46876
3.32696
-3.48385
-11.6
2.602
6.27531
-12.9012
3.64907
-11.7976
0.897495
13.3888
1.95234
3.48597
9.11648
16.1527
5.52626
-0.095592
-13.8012
9.51774
-4.68209
7.15682
0.841763
4.39512
-0.280711
3.178
4.06512
-1.98233
8.69753
-10.26
20.2549
-12.188
19.1922
26.8327
-4.03921
2.28575
11.8959
-2.17629
1.04803
11.6883
-11.8225
27.8373
12.9309
5.80468
-3.06813
-5.22272
2.64024
1.27302
-0.03655
-5.73788
0.227613
1.96383
16.029
-9.05216
-0.114838
7.71777
-6.02579
8.83951
-11.1964
1.27928
-3.99451
2.62514
1.29813
-0.807908
11.1339
0.986624
-4.45895
1.04472
-14.5543
-11.4921
12.7438
7.39345
16.08
-11.2665
-7.49305
0.465468
-11.1217
0.461306
-9.91146
2.50847
6.66375
-7.31122
-6.3881
0.851787
-10.4653
10.4671
3.13566
4.06487
17.1156
-0.557502
-14.3546
-3.53242
6.72062
4.63025
-6.25962
0.412795
9.36289
0.626889
-6.08841
11.8877
-1.08855
1.37929
1.95615
-4.9211
6.58532
1.22906
9.17128
12.7724
3.07128
-0.677766
4.9029
-1.09793
1.40858
5.98099
0.588828
3.05125
-13.7426
0.096575
-3.00149
-1.62104
-5.02311
-7.10014
-9.6859
19.0462
-13.1035
0.825106
-7.09986
-6.13085
10.3814
0.969389
-7.37711
-2.48335
2.05258
-4.12681
2.20992
-5.69197
-4.51411
-14.3681
1.29097
-37.7828
7.57139
-3.91153
6.44197
9.32734
-6.947
-17.7492
-0.96114
-2.18781
-10.209
-18.4896
-3.71722
6.04996
-10.6558
-16.3869
7.03746
-9.90874
7.14433
7.20847
5.35168
-10.6684
11.1654
5.98168
-9.58517
-7.03706
-4.71187
4.8108
2.84655
-7.91956
8.72225
-2.25673
8.86945
10.8602
-2.42532
-1.51143
8.77849
9.88831
3.42595
-3.46872
-12.5799
2.29395
2.57949
25.3295
-8.00966
-28.4151
-9.21949
-0.210414
5.13014
1.50469
9.2553
8.81569
7.10767
3.51987
-5.95589
6.53014
5.9204
-1.60889
4.35382
-10.1497
1.10415
15.0444
24.8932
-12.7693
15.6627
2.80021
10.2794
9.37547
3.92841
-18.6553
7.59386
-12.7757
0.394814
-11.1599
5.13539
-6.25781
-1.05897
-10.2577
21.5348
5.3646
1.77488
-13.1367
-7.17636
2.51801
-4.18137
-3.75696
3.02112
-3.4658
-0.723067
-4.73183
11.289
4.43415
-13.1548
-8.22758
